C1 = 2.5E-12;
Q = 3;
f = 434E6;
w = 2*pi*f;
RL = 1 / (5.45 * w * C1)
L1 = 100 * RL / w
L2 = Q * RL / w
C2 = 1 / (w^2 * L2 - 0.212 / C1)